12623
25495
22068
8983
20878
12920
8657
8386
16055
9083
9475
9076
7166
11543
12209
16191
10236
22382
9707
13414
19015
15503
12030
9185
15511
11561
19843
18015
14937
21090
21136
16671
13594
21590
14856
10217
19661
8034
6945
16329
17928
18867
15680
13380
23357
7502
9754
15950
10901
8955
16462
15530
22418
13472
22581
25903
9336
23066
13747
9362
18283
13463
9944
9809
15639
17217
6787
17784
9025
16197
10236
28397
9812
9557
19048
9615
9304
6380
21209
12407
12275
12930
20905
18444
17528
26635
13088
8880
8953
17128
20796
23848
14606
8881
18515
17540
11066
20727
23835
16269
