76296
17529
14727
16211
13933
72764
66578
14165
26481
75699
61686
16862
15487
75143
16679
69749
6858
10562
14474
61968
7962
7847
9699
6659
28505
6318
55973
6382
7069
60309
6125
6324
6158
15107
12974
13677
63578
60885
9640
65636
9046
11735
58886
53883
11225
84942
14312
13500
19198
17772
83721
14704
13276
17590
24985
73919
71989
15165
11618
12195
60252
15789
9853
7900
9328
14563
10562
58568
11023
15537
12243
14686
15268
57692
30233
67115
60592
11456
54566
12331
12308
15317
13816
9407
13369
7846
14955
8996
9362
9837
28927
63759
56863
69509
11015
53305
8242
11881
58663
6743
62549
12871
10069
15206
53989
59368
56824
10331
9217
9481
13431
17610
15157
14838
74391
14629
71135
77443
75511
28016
14858
42022
14139
20169
13820
12694
68350
70242
8836
13601
60474
61303
15260
74183
13270
68510
15098
69617
76090
11784
61833
16002
42006
40473
10042
9874
8804
10373
12721
24872
11398
21906
58251
9817
11961
11189
67556
119412
15822
50298
13569
87749
14613
37238
8713
13294
18871
8918
10513
8953
58534
20627
17494
15657
14646
14644
14033
10837
9238
10453
9970
78028
8125
8269
20353
22312
14223
14032
15134
18424
14079
14378
16549
14508
71820
21508
16892
76020
8793
7967
