19174
14616
21033
12677
13091
11160
14572
24409
8538
14993
21713
13679
13902
12300
23428
12263
8958
9315
20008
14301
12059
30167
11265
19822
8804
15700
16852
17505
18388
16312
18600
8782
10414
10545
18470
11394
25190
20383
12655
9557
11885
22746
16736
20355
20669
19955
21408
22517
8715
12041
23331
20674
13123
18447
12244
12043
11688
8214
23094
18972
16276
22920
7540
7740
26143
24530
7384
8696
7738
22794
21604
17430
16869
24371
21945
20065
15121
13244
18323
9543
12449
16617
29068
16830
9529
17822
21117
21173
29017
12178
11994
13696
24113
6739
13880
20668
11633
20997
19516
15349
20444
16690
10603
12561
16033
12805
23528
24364
12319
24627
19564
25929
18440
9557
7024
17210
22537
8748
8799
7354
18499
21985
15912
16165
9808
14822
9074
16317
28958
15759
17552
10675
10595
16403
6540
14448
18830
9441
9295
17496
8439
8854
18397
6854
15465
16728
8899
17518
11703
17452
6260
6766
6066
17458
15266
6096
30659
16125
6204
5806
5463
17770
15642
5684
5645
19676
6130
18075
5458
6113
17508
5227
5196
18475
5241
16695
17877
16537
30781
6993
6361
13172
17617
8782
15059
14336
25278
17264
17875
17233
23433
24813
29534
12260
13152
12223
12110
12231
17831
23833
