14950
13572
21751
13111
12279
20230
13323
12295
23931
19420
23979
12697
13498
10251
18667
24868
14012
13928
22319
18833
11376
12323
21270
11906
13462
8931
13528
21774
18423
12360
8584
9299
40782
8783
26711
18640
17816
17974
17422
15114
7568
9595
15038
12381
14951
7360
7943
8310
9772
6268
7187
16875
16421
6486
14715
21816
9643
16454
5316
17730
14800
16366
15636
7180
7061
22711
17061
9047
9951
10456
16421
18829
32124
39960
9498
16897
9983
17346
16092
12705
18177
10195
10102
10256
17109
17706
9448
7419
16820
5323
11115
15620
16132
14741
9577
9805
6741
9195
15796
14664
16261
9470
15732
17593
17878
18618
18340
21415
13208
10875
22351
22294
12068
21487
21016
13093
12157
13057
8553
16502
7496
18751
10238
23839
20577
22249
12637
12474
11954
21695
14383
11590
22268
15163
22323
12310
11726
19115
23518
33454
21239
11788
11824
11846
12722
22775
14154
21283
22870
13464
8194
9763
9414
13068
21024
20341
21616
13085
9427
9283
24461
20804
12755
11363
10213
20559
28621
21247
17585
10040
8779
22710
8925
15509
17084
10148
16559
20985
20869
12787
15093
8475
16719
8836
12859
8590
13792
11583
9922
20949
11222
13673
9960
13070
12410
17557
16987
18225
14849
15178
11398
6929
16751
8696
16492
18749
8952
21737
9009
7453
11982
20245
24230
14783
10706
27866
21616
12090
24752
13920
22395
22293
22963
33979
16504
24120
19012
19611
28790
22134
16644
10961
18849
9354
9351
22098
8951
18750
17557
24758
24711
20164
18621
14311
25526
8796
28602
9837
15110
17680
