12298
23336
16006
11895
6085
6399
16996
57831
12135
12302
80158
83857
9699
9696
9448
11493
63435
42535
7824
10663
30956
37150
56281
15494
9710
87302
12295
46370
10552
4449
21498
10053
9314
75364
10826
33516
10011
13213
82345
21600
76084
9826
79520
10232
7715
62023
12722
4667
7834
24552
7562
40888
10103
89164
14995
8078
4070
49381
57663
64407
62340
15655
8137
56904
8553
60913
8894
8221
8261
22693
8811
8753
5530
8554
69137
6867
57446
64148
57595
6812
20689
11383
59697
9076
7604
13749
12399
8512
7900
8413
64412
57699
7190
11033
10338
11404
57358
62256
8663
7514
5100
14138
73998
10079
10239
10246
82321
7573
79183
82054
76368
26174
13220
12052
12239
67464
14593
34037
7534
7949
62455
7361
10400
55381
32519
7755
8352
8262
33153
61119
7489
5376
11032
22665
9203
28903
76286
54500
9018
7595
12395
22030
47835
59577
7977
6766
4833
22703
6900
6093
62350
60560
11135
7217
9548
82649
10100
11485
7916
8506
11159
9655
5685
9932
54645
6623
6627
8899
60784
7507
69222
6560
10659
9567
16577
7842
6363
17660
7999
7126
14213
58016
7644
4668
24341
11436
8367
6840
9525
8619
8599
58275
57797
14644
10136
7768
7936
73619
10143
86893
