12974
9307
45673
12082
12152
20144
12604
36559
20986
14182
15558
13098
33007
39980
16710
14471
22944
44799
49730
37139
7597
7222
30817
5784
33291
34726
5754
22654
5616
7097
29044
5861
31825
6278
10624
8235
6192
46879
10199
51061
34167
5988
15465
5688
5847
5481
9010
33848
31166
31965
15630
10706
39581
42793
9249
27521
41720
39073
10766
39752
42229
10249
9155
7682
22752
8921
35297
12713
13676
45857
17004
11180
13176
35912
9522
14017
12922
13979
38817
48630
41554
46958
41359
8705
14702
38563
54415
6742
31651
11672
30291
5975
43569
41227
38161
9683
37436
23566
38374
40496
37942
17124
9304
21995
40098
36603
13761
9099
10683
6806
35421
10636
11019
9746
16051
12586
43170
12425
13506
15059
13427
48042
15509
13119
36342
33317
19845
11282
16904
36150
10127
10456
11477
11437
9403
8906
32031
12023
9254
14271
13069
47710
35425
39296
14840
39155
42018
14523
41371
13505
45522
44145
40261
29711
43293
21562
43366
45182
17892
13774
12679
14576
42830
13763
9358
10440
9100
9727
10691
13367
35733
22120
9033
9887
37927
12002
10720
12724
41278
12947
45129
36632
22131
42622
12726
48331
14924
41877
13985
12517
13702
12980
44416
45677
14783
15470
34630
40531
51290
23566
21056
39275
35077
34763
13256
9081
55556
9396
9357
36703
9117
32105
14581
11359
39611
14909
9016
37698
14605
9006
42414
16846
14513
34498
43504
15275
10870
36804
14100
42084
13381
9609
9628
38420
35288
11112
31734
9633
36358
41034
33144
17687
16869
10736
9096
10170
7323
23497
9177
16269
