12792
10948
33179
42574
14178
12972
7766
8844
5931
18908
43214
34290
36306
31308
9013
19932
35860
71972
27628
9297
13147
47495
32406
10648
10516
39099
33604
42239
14589
9742
9046
8989
13237
13164
9070
7279
38927
9887
10036
10047
52479
30290
40909
28731
48275
32276
11469
9377
9361
31050
10806
31462
9596
8588
35311
32554
26952
36233
9403
35750
5843
38449
37003
9712
41598
36106
18149
10147
34620
32024
37513
14408
32462
10740
19394
9835
37175
10163
9200
20435
7278
15763
30465
9108
10473
14099
35768
31968
11093
46978
42021
9199
16276
9977
14024
43312
22852
36792
13224
7319
9783
10479
36459
10332
29649
11908
35732
10524
36673
34705
7335
32876
11380
35364
18278
34080
41209
37769
10332
10179
10114
35432
35675
32785
9670
14185
35847
5611
31004
7095
34513
39651
9129
10893
35824
11584
23273
38036
10415
38681
34980
10147
16906
16225
7330
15122
9941
7155
18126
32053
33155
36506
9762
34894
13276
42439
36122
23312
10785
7699
5989
13893
9533
9782
35123
9436
36300
40795
33126
9104
35902
10496
6744
11259
7937
16087
12387
40079
55448
34708
11122
9590
12753
14408
10093
9837
37749
12676
42620
9383
5592
10599
12918
43696
28116
34834
42022
33846
33493
40496
