18753
38712
61764
9982
13492
56634
14175
12148
14139
13119
67858
14692
14787
10292
22581
56683
15829
10760
60875
11319
10555
61394
15112
55590
66466
25670
53270
12116
65676
13853
61094
13026
61518
70759
62823
18985
34923
46617
64226
19756
14589
17092
13370
15206
14082
12445
15959
18571
21720
13509
74215
45689
15060
52769
13132
11315
10794
44026
26732
13266
12989
9718
51304
51935
22391
14805
14954
12665
11855
17326
65422
61509
17977
13643
12961
13266
14676
16749
10295
53549
72321
48172
54170
16142
9066
49505
11129
11317
9054
51740
54035
10138
12107
11263
14429
10718
60230
16255
9260
7983
48430
32489
14572
22275
48340
7648
10451
8067
10083
8071
49025
8862
56918
43013
10205
63545
12487
54582
14672
14580
56608
12405
31201
53758
34082
13443
65908
12776
18481
16656
15343
54631
56389
45347
13232
49976
26473
53959
9349
55167
36613
13068
17369
14223
9379
12576
59192
13363
14758
10307
16061
59355
13132
13651
22762
7728
17508
69562
10188
53499
11133
10233
18960
9942
14700
15120
20405
14052
9940
6967
31122
18013
49658
8428
55647
13810
14546
10058
23539
59376
9858
14572
11647
54582
9932
64099
14029
66920
13945
15113
9475
69885
67059
14164
11113
11201
48802
15944
13390
18132
55394
5930
21080
10030
20247
22293
11884
13617
51730
53679
50500
15791
16352
35993
7735
71988
10320
23948
16906
65754
74069
18022
61094
13029
50940
17627
12703
11225
9344
9627
19865
15312
11288
55303
55930
15291
62548
63715
65863
53328
14096
16813
10868
24306
10344
53924
64441
14376
56824
59888
