8819
66778
7342
34664
7676
11108
9149
41615
5950
61316
8323
9095
8472
61445
11708
9417
12930
8070
56965
5897
8611
7396
15393
65884
7962
7239
8525
59243
8650
37103
11098
13204
58708
28923
11134
31799
7647
12572
17157
14313
86565
65534
6015
7610
15784
11845
76198
77367
17500
8829
81081
8460
15639
9968
17389
7689
7227
8839
8401
7765
58935
18379
56786
7531
10022
15031
68973
8304
7351
99319
26319
42804
7511
7390
9075
16510
14730
13646
13937
22844
12093
86275
31331
11792
23080
11695
19509
23020
81406
19594
14095
10004
9714
15215
20571
11750
103482
21238
64463
65561
