8087
5469
7200
69517
11092
11713
15468
38697
7517
9365
73112
7531
6780
7800
64365
68049
67265
8572
7452
8287
21400
74778
11571
8017
11897
7363
8038
7379
46398
75617
8367
7830
5872
18842
8177
5955
69091
76013
7731
72137
9565
9792
7406
95006
77868
15149
72346
6482
9195
75032
6519
5817
12123
7592
7651
70272
8214
7713
5980
64524
22518
71284
15059
7413
5654
7427
11919
11807
10087
10033
7216
7616
7232
31012
33365
64337
15455
7615
6362
6498
63694
12564
6033
12600
21074
90557
15785
19144
14454
11729
8518
14439
80251
71561
7757
5286
17537
19144
40054
65295
17269
8493
13246
96458
90889
8095
33048
83462
84801
94104
5549
7423
17813
94161
21207
12082
12623
91080
11379
85563
93327
11208
21882
57185
78022
10989
11459
32138
10321
11584
8096
5671
7187
7407
6591
75339
39514
4794
5953
21666
7189
73735
9697
11701
73616
7630
7883
64181
7185
12922
19076
30738
23765
9329
11089
8302
7015
6993
21212
69488
52672
8885
70019
14640
6339
8644
12555
12369
15666
9028
17712
70039
7618
12118
11822
79900
13599
58819
88760
7939
8936
15858
12338
86498
7716
8371
16777
70387
15461
17504
8015
8152
14029
8336
70469
7727
11901
70530
8213
11899
8214
7650
75508
45283
10111
8340
9041
11827
8227
13618
12482
46276
7838
12577
5948
88661
12773
10394
18689
16700
7077
6148
9767
7338
14307
8727
24972
45358
7496
63338
6233
8173
8830
68170
71941
8833
5108
12516
16744
11296
7705
11878
7642
5805
15496
15641
20482
11484
76442
62089
