47269
45418
12368
32921
41932
66246
13301
15504
36633
13332
39356
12520
7460
34365
38957
41419
9328
46621
14311
19440
16105
18743
13253
22832
6262
6326
5768
48347
5727
11548
6800
5700
23232
36919
5757
5963
5833
16387
44428
32676
34987
9159
34497
17784
31396
11358
45673
9653
12413
9119
10353
39216
31689
49484
10573
30519
15293
50470
41954
16298
50565
13383
11937
12047
16271
24391
48760
8340
12161
51858
12037
46547
14802
14126
42339
15751
43603
19135
8253
8359
46904
16709
41792
13595
41409
15397
30282
12719
43211
43249
14217
15179
46219
22499
13729
23541
32285
10503
14364
44011
