15010
69555
13900
80269
13402
14387
78025
13366
18425
23892
37259
24001
13335
9268
14147
13609
8558
74198
70471
71952
12083
12040
64628
21168
11336
7498
15922
9796
29147
10345
58671
56089
34976
11089
30521
67761
8220
56427
9595
66269
14786
13958
71783
57241
14729
12145
11223
65061
23193
77759
64896
11236
15560
16345
10539
14776
10127
19307
85388
12880
16342
55799
10608
10624
9989
11863
7393
11630
54036
7765
11988
88364
19070
24226
10691
14634
15417
14593
12925
44144
52716
52194
7690
59676
51402
16393
17545
54481
6031
14937
14528
54697
16251
10262
59604
25924
8001
8452
13327
9713
